from_article,to_article,similarity_score
0,0,0.9999999403953552
0,1,0.6185789108276367
0,2,0.4683830738067627
0,3,0.5275731682777405
0,4,0.6045799255371094
0,5,0.48914721608161926
0,6,0.6122914552688599
0,7,0.5870593190193176
0,8,0.619739830493927
0,9,0.4647560119628906
0,10,0.33059409260749817
0,11,0.4120385944843292
0,12,0.4231734871864319
0,13,0.4196680784225464
0,14,0.29840531945228577
0,15,0.3769723176956177
0,16,0.4952887296676636
0,17,0.3611268103122711
0,18,0.43844324350357056
0,19,0.36130228638648987
0,20,0.36881935596466064
0,21,0.5558722615242004
0,22,0.5068587064743042
0,23,0.37477967143058777
0,24,0.6090312004089355
0,25,0.636292576789856
0,26,0.595562756061554
0,27,0.5453717708587646
0,28,0.6439773440361023
0,29,0.5524200201034546
0,30,0.5673423409461975
0,31,0.12364383041858673
0,32,0.4179438054561615
0,33,0.5850683450698853
0,34,0.42948514223098755
0,35,0.5511895418167114
0,36,0.4277428984642029
0,37,0.3441624045372009
0,38,0.47596490383148193
0,39,0.5388537645339966
0,40,0.5745304226875305
0,41,0.660509467124939
0,42,0.43460792303085327
0,43,0.5953148603439331
0,44,0.6054954528808594
0,45,0.49618789553642273
0,46,0.5863629579544067
0,47,0.5798100829124451
0,48,0.5135083198547363
0,49,0.4032897353172302
0,50,0.650882363319397
0,51,0.43390989303588867
0,52,0.5563710927963257
0,53,0.6930280327796936
0,54,0.47757601737976074
0,55,0.6048624515533447
0,56,0.4164232015609741
0,57,0.42901864647865295
0,58,0.6214691400527954
0,59,0.33247488737106323
0,60,0.31305745244026184
0,61,0.6112810969352722
0,62,0.5887064933776855
0,63,0.49501585960388184
0,64,0.5468902587890625
0,65,0.43187543749809265
0,66,0.5049433708190918
0,67,0.4938541054725647
0,68,0.4866555333137512
0,69,0.5942384600639343
0,70,0.5063102841377258
0,71,0.5299068093299866
0,72,0.5069363713264465
0,73,0.5069363713264465
0,74,0.5069363713264465
0,75,0.6411494016647339
0,76,0.38760149478912354
0,77,0.5623605251312256
0,78,0.5204030275344849
0,79,0.6363891959190369
0,80,0.5638598799705505
0,81,0.5507972240447998
0,82,0.4797780513763428
0,83,0.5511948466300964
0,84,0.5714977979660034
0,85,0.4839739501476288
0,86,0.5611920356750488
0,87,0.5903178453445435
0,88,0.4226049780845642
0,89,0.5462912917137146
0,90,0.46517133712768555
0,91,0.5488473176956177
0,92,0.41187965869903564
0,93,0.5093825459480286
0,94,0.5873470902442932
0,95,0.5189579725265503
0,96,0.5403249263763428
1,0,0.6185789108276367
1,1,1.0
1,2,0.6629981398582458
1,3,0.45766985416412354
1,4,0.9943383932113647
1,5,0.3378011882305145
1,6,0.5693842172622681
1,7,0.8479167222976685
1,8,0.8560597896575928
1,9,0.36890068650245667
1,10,0.21525472402572632
1,11,0.36959385871887207
1,12,0.3856702148914337
1,13,0.3365080654621124
1,14,0.30135607719421387
1,15,0.3474786877632141
1,16,0.5552244782447815
1,17,0.4538676142692566
1,18,0.3700670003890991
1,19,0.29607611894607544
1,20,0.3467963635921478
1,21,0.43819016218185425
1,22,0.42557963728904724
1,23,0.34459900856018066
1,24,0.6650911569595337
1,25,0.4705128073692322
1,26,0.5230916738510132
1,27,0.37479671835899353
1,28,0.5585976839065552
1,29,0.4119143486022949
1,30,0.46185529232025146
1,31,0.13629543781280518
1,32,0.4163305163383484
1,33,0.5064218640327454
1,34,0.40395301580429077
1,35,0.4563785791397095
1,36,0.44798725843429565
1,37,0.3853539526462555
1,38,0.4303922653198242
1,39,0.41829395294189453
1,40,0.4908504784107208
1,41,0.5859650373458862
1,42,0.4209226965904236
1,43,0.5359751582145691
1,44,0.5608347058296204
1,45,0.5354759097099304
1,46,0.6432713270187378
1,47,0.4530736804008484
1,48,0.45169657468795776
1,49,0.22791889309883118
1,50,0.5487785339355469
1,51,0.3311595916748047
1,52,0.5171056985855103
1,53,0.556308388710022
1,54,0.3933549225330353
1,55,0.47532403469085693
1,56,0.25306713581085205
1,57,0.35814547538757324
1,58,0.4556233882904053
1,59,0.2793727219104767
1,60,0.31346097588539124
1,61,0.4637387990951538
1,62,0.4418971836566925
1,63,0.3384822607040405
1,64,0.4651055335998535
1,65,0.4359947443008423
1,66,0.4195657968521118
1,67,0.3595980703830719
1,68,0.48101967573165894
1,69,0.3705134391784668
1,70,0.6588876247406006
1,71,0.5032482147216797
1,72,0.6910929083824158
1,73,0.6910929083824158
1,74,0.6910929083824158
1,75,0.6916370987892151
1,76,0.40652844309806824
1,77,0.6664482355117798
1,78,0.5211745500564575
1,79,0.585765540599823
1,80,0.7445827722549438
1,81,0.5345853567123413
1,82,0.5632676482200623
1,83,0.6274366974830627
1,84,0.5832411646842957
1,85,0.39443010091781616
1,86,0.4925841689109802
1,87,0.6595848202705383
1,88,0.48959213495254517
1,89,0.5971125364303589
1,90,0.49815434217453003
1,91,0.5684015154838562
1,92,0.35058337450027466
1,93,0.49829721450805664
1,94,0.671715497970581
1,95,0.6243167519569397
1,96,0.5481041669845581
2,0,0.4683830738067627
2,1,0.6629981398582458
2,2,1.0000001192092896
2,3,0.4909738302230835
2,4,0.6534260511398315
2,5,0.37027111649513245
2,6,0.43438640236854553
2,7,0.6667370200157166
2,8,0.6442000269889832
2,9,0.3625600039958954
2,10,0.11105410754680634
2,11,0.19446350634098053
2,12,0.2910093367099762
2,13,0.3615972697734833
2,14,0.2928175628185272
2,15,0.3379918038845062
2,16,0.5248845815658569
2,17,0.2862613797187805
2,18,0.35524076223373413
2,19,0.34782934188842773
2,20,0.3279656767845154
2,21,0.2872689366340637
2,22,0.3677343726158142
2,23,0.3270643949508667
2,24,0.5738592147827148
2,25,0.2726125717163086
2,26,0.24396157264709473
2,27,0.19171704351902008
2,28,0.3413505554199219
2,29,0.3009759485721588
2,30,0.28060004115104675
2,31,0.26171383261680603
2,32,0.23416191339492798
2,33,0.365688294172287
2,34,0.1998264342546463
2,35,0.39025649428367615
2,36,0.3296545147895813
2,37,0.2160637080669403
2,38,0.3594669997692108
2,39,0.2879961133003235
2,40,0.36318227648735046
2,41,0.4872913360595703
2,42,0.3709622025489807
2,43,0.4150235056877136
2,44,0.47352364659309387
2,45,0.3220696449279785
2,46,0.43571144342422485
2,47,0.30649781227111816
2,48,0.37606847286224365
2,49,0.13044141232967377
2,50,0.4637276530265808
2,51,0.24779275059700012
2,52,0.33209139108657837
2,53,0.3626309633255005
2,54,0.32875651121139526
2,55,0.36773553490638733
2,56,0.29695188999176025
2,57,0.332821786403656
2,58,0.26537543535232544
2,59,0.24079985916614532
2,60,0.4219333529472351
2,61,0.4718577265739441
2,62,0.33723127841949463
2,63,0.3151986598968506
2,64,0.38514357805252075
2,65,0.47302180528640747
2,66,0.36431199312210083
2,67,0.30041223764419556
2,68,0.4041135311126709
2,69,0.2550620436668396
2,70,0.5623477101325989
2,71,0.5237133502960205
2,72,0.581864595413208
2,73,0.581864595413208
2,74,0.581864595413208
2,75,0.48968690633773804
2,76,0.3298502266407013
2,77,0.6435548663139343
2,78,0.35503509640693665
2,79,0.38796472549438477
2,80,0.6448823809623718
2,81,0.46100127696990967
2,82,0.4738941192626953
2,83,0.5409350395202637
2,84,0.40720945596694946
2,85,0.17914694547653198
2,86,0.36993372440338135
2,87,0.5249025225639343
2,88,0.26442211866378784
2,89,0.3814944922924042
2,90,0.28573891520500183
2,91,0.371179461479187
2,92,0.22108636796474457
2,93,0.3782605528831482
2,94,0.5306521654129028
2,95,0.531528890132904
2,96,0.4701763987541199
3,0,0.5275731682777405
3,1,0.45766985416412354
3,2,0.4909738302230835
3,3,1.0
3,4,0.43372970819473267
3,5,0.74272620677948
3,6,0.7338045835494995
3,7,0.3852553963661194
3,8,0.3728379011154175
3,9,0.5638464689254761
3,10,0.3725997507572174
3,11,0.4987870156764984
3,12,0.5441106557846069
3,13,0.5827621221542358
3,14,0.44170352816581726
3,15,0.5407848954200745
3,16,0.5213611125946045
3,17,0.34138068556785583
3,18,0.5220281481742859
3,19,0.49031296372413635
3,20,0.5479799509048462
3,21,0.5047432780265808
3,22,0.5400955080986023
3,23,0.5495916604995728
3,24,0.45938900113105774
3,25,0.4541490077972412
3,26,0.3320646286010742
3,27,0.4531179666519165
3,28,0.4633704125881195
3,29,0.43923625349998474
3,30,0.5204756855964661
3,31,0.11661361157894135
3,32,0.43147069215774536
3,33,0.4757893681526184
3,34,0.34670430421829224
3,35,0.4215601980686188
3,36,0.31042155623435974
3,37,0.34207823872566223
3,38,0.5239185094833374
3,39,0.3918188512325287
3,40,0.44402652978897095
3,41,0.47455525398254395
3,42,0.4746316373348236
3,43,0.5317245721817017
3,44,0.4501240849494934
3,45,0.4902288317680359
3,46,0.4513154923915863
3,47,0.5186250805854797
3,48,0.4224965572357178
3,49,0.4452545642852783
3,50,0.540821373462677
3,51,0.3844738304615021
3,52,0.39660879969596863
3,53,0.4295279383659363
3,54,0.4684145748615265
3,55,0.45858341455459595
3,56,0.5178994536399841
3,57,0.4612632095813751
3,58,0.47123983502388
3,59,0.3872394561767578
3,60,0.6555927991867065
3,61,0.5379967093467712
3,62,0.565497100353241
3,63,0.6684849262237549
3,64,0.5088350772857666
3,65,0.5162776708602905
3,66,0.5080308318138123
3,67,0.676960825920105
3,68,0.6021128296852112
3,69,0.530921220779419
3,70,0.31289955973625183
3,71,0.6762624382972717
3,72,0.5567988753318787
3,73,0.5567988753318787
3,74,0.5567988753318787
3,75,0.4666450023651123
3,76,0.3145425319671631
3,77,0.5252830386161804
3,78,0.46184042096138
3,79,0.4464763104915619
3,80,0.41679930686950684
3,81,0.4209907054901123
3,82,0.3776930868625641
3,83,0.4464312791824341
3,84,0.39384591579437256
3,85,0.45935410261154175
3,86,0.5097428560256958
3,87,0.3285297453403473
3,88,0.40801987051963806
3,89,0.42762917280197144
3,90,0.443003386259079
3,91,0.44674667716026306
3,92,0.43774574995040894
3,93,0.5090560913085938
3,94,0.46659648418426514
3,95,0.4470149874687195
3,96,0.4268514811992645
4,0,0.6045799255371094
4,1,0.9943383932113647
4,2,0.6534260511398315
4,3,0.43372970819473267
4,4,1.000000238418579
4,5,0.32511815428733826
4,6,0.5440292358398438
4,7,0.8400201797485352
4,8,0.8499817848205566
4,9,0.34635356068611145
4,10,0.2014988362789154
4,11,0.3546258807182312
4,12,0.3628454804420471
4,13,0.3205946981906891
4,14,0.2927526831626892
4,15,0.32794618606567383
4,16,0.5394107103347778
4,17,0.44853827357292175
4,18,0.36489954590797424
4,19,0.2917884588241577
4,20,0.33464524149894714
4,21,0.4258752465248108
4,22,0.4070488512516022
4,23,0.3325750231742859
4,24,0.6523140668869019
4,25,0.4507676661014557
4,26,0.5058881044387817
4,27,0.35255521535873413
4,28,0.5408719778060913
4,29,0.406477689743042
4,30,0.4391707181930542
4,31,0.14636743068695068
4,32,0.4077242314815521
4,33,0.5044906139373779
4,34,0.38277435302734375
4,35,0.45169392228126526
4,36,0.43903404474258423
4,37,0.3882580101490021
4,38,0.41002240777015686
4,39,0.40758654475212097
4,40,0.48254889249801636
4,41,0.5724525451660156
4,42,0.3984869122505188
4,43,0.5062788128852844
4,44,0.5416611433029175
4,45,0.5177589058876038
4,46,0.6292968988418579
4,47,0.4320054054260254
4,48,0.44478344917297363
4,49,0.2037527710199356
4,50,0.5249823331832886
4,51,0.32002127170562744
4,52,0.4983292818069458
4,53,0.5391321182250977
4,54,0.37595176696777344
4,55,0.46283191442489624
4,56,0.25078412890434265
4,57,0.3360016942024231
4,58,0.4374779760837555
4,59,0.27815476059913635
4,60,0.2998911142349243
4,61,0.43362683057785034
4,62,0.419601708650589
4,63,0.31320565938949585
4,64,0.45439988374710083
4,65,0.4199833869934082
4,66,0.40217167139053345
4,67,0.33829638361930847
4,68,0.46172255277633667
4,69,0.3365435302257538
4,70,0.6387051343917847
4,71,0.4787847399711609
4,72,0.6715453267097473
4,73,0.6715453267097473
4,74,0.6715453267097473
4,75,0.6815551519393921
4,76,0.3897756040096283
4,77,0.6482260227203369
4,78,0.5001742243766785
4,79,0.5665045976638794
4,80,0.7332018613815308
4,81,0.5145444273948669
4,82,0.5458555221557617
4,83,0.6086053252220154
4,84,0.573221743106842
4,85,0.37338370084762573
4,86,0.47355273365974426
4,87,0.6483546495437622
4,88,0.4740339517593384
4,89,0.5824189186096191
4,90,0.4809914231300354
4,91,0.5605810284614563
4,92,0.3311971426010132
4,93,0.47464680671691895
4,94,0.6533465385437012
4,95,0.6182348728179932
4,96,0.524997353553772
5,0,0.48914721608161926
5,1,0.3378011882305145
5,2,0.37027111649513245
5,3,0.74272620677948
5,4,0.32511815428733826
5,5,1.0
5,6,0.5247628688812256
5,7,0.22832435369491577
5,8,0.22521692514419556
5,9,0.5525786876678467
5,10,0.37006404995918274
5,11,0.48437902331352234
5,12,0.463445782661438
5,13,0.5657150149345398
5,14,0.3874853253364563
5,15,0.42781776189804077
5,16,0.43242427706718445
5,17,0.3033920228481293
5,18,0.5482545495033264
5,19,0.4975796043872833
5,20,0.5695281624794006
5,21,0.44885116815567017
5,22,0.46886715292930603
5,23,0.5735923051834106
5,24,0.32611605525016785
5,25,0.38887590169906616
5,26,0.2888701558113098
5,27,0.39366641640663147
5,28,0.3650289475917816
5,29,0.48418235778808594
5,30,0.5276075005531311
5,31,0.14659065008163452
5,32,0.3649066090583801
5,33,0.460321307182312
5,34,0.3102469742298126
5,35,0.3740030825138092
5,36,0.2557136118412018
5,37,0.3109177350997925
5,38,0.4861518144607544
5,39,0.3830012083053589
5,40,0.3977574110031128
5,41,0.4542616605758667
5,42,0.41995248198509216
5,43,0.42626726627349854
5,44,0.3638766407966614
5,45,0.4642900824546814
5,46,0.3767373561859131
5,47,0.486355721950531
5,48,0.38550418615341187
5,49,0.4391055107116699
5,50,0.5042464733123779
5,51,0.34184277057647705
5,52,0.35936954617500305
5,53,0.3796445429325104
5,54,0.45142632722854614
5,55,0.454318642616272
5,56,0.46955791115760803
5,57,0.4449998736381531
5,58,0.428194522857666
5,59,0.3862965404987335
5,60,0.5782914757728577
5,61,0.45664262771606445
5,62,0.5071471929550171
5,63,0.6361870765686035
5,64,0.5130569934844971
5,65,0.5259061455726624
5,66,0.39726579189300537
5,67,0.5017116069793701
5,68,0.5897525548934937
5,69,0.48099881410598755
5,70,0.206727534532547
5,71,0.591433048248291
5,72,0.3626570701599121
5,73,0.3626570701599121
5,74,0.3626570701599121
5,75,0.3750382661819458
5,76,0.1947382092475891
5,77,0.40129345655441284
5,78,0.38943547010421753
5,79,0.374583899974823
5,80,0.25161513686180115
5,81,0.3745580315589905
5,82,0.24175870418548584
5,83,0.3318716287612915
5,84,0.3128235936164856
5,85,0.4048476219177246
5,86,0.40733441710472107
5,87,0.27498161792755127
5,88,0.36826491355895996
5,89,0.3896499574184418
5,90,0.39998745918273926
5,91,0.4632885754108429
5,92,0.3757109045982361
5,93,0.44968652725219727
5,94,0.3807063698768616
5,95,0.3705431818962097
5,96,0.34918132424354553
6,0,0.6122914552688599
6,1,0.5693842172622681
6,2,0.43438640236854553
6,3,0.7338045835494995
6,4,0.5440292358398438
6,5,0.5247628688812256
6,6,1.0
6,7,0.45921820402145386
6,8,0.50925612449646
6,9,0.47221481800079346
6,10,0.43198931217193604
6,11,0.5726633667945862
6,12,0.6108540892601013
6,13,0.5476194620132446
6,14,0.4906262755393982
6,15,0.5186099410057068
6,16,0.5187087059020996
6,17,0.5221365690231323
6,18,0.4287618100643158
6,19,0.4039064645767212
6,20,0.43962976336479187
6,21,0.5767151713371277
6,22,0.5755521059036255
6,23,0.44325992465019226
6,24,0.6179633140563965
6,25,0.5714658498764038
6,26,0.6302988529205322
6,27,0.5636401176452637
6,28,0.6703003644943237
6,29,0.632025420665741
6,30,0.5749684572219849
6,31,-0.004517652094364166
6,32,0.5295153260231018
6,33,0.5812205076217651
6,34,0.5376880168914795
6,35,0.5545855164527893
6,36,0.337833434343338
6,37,0.4906173348426819
6,38,0.4770580530166626
6,39,0.5113947987556458
6,40,0.5130853652954102
6,41,0.5384712815284729
6,42,0.41056156158447266
6,43,0.5707879066467285
6,44,0.5824392437934875
6,45,0.5445444583892822
6,46,0.5934998989105225
6,47,0.6238685250282288
6,48,0.5095874667167664
6,49,0.49485301971435547
6,50,0.5999754071235657
6,51,0.4842885732650757
6,52,0.7107212543487549
6,53,0.6732701659202576
6,54,0.5211473703384399
6,55,0.6270952224731445
6,56,0.44259071350097656
6,57,0.5383378863334656
6,58,0.6173669695854187
6,59,0.41627737879753113
6,60,0.41979771852493286
6,61,0.6038730144500732
6,62,0.6706866025924683
6,63,0.5429145693778992
6,64,0.4917045533657074
6,65,0.31846514344215393
6,66,0.5627486109733582
6,67,0.5284709930419922
6,68,0.5466008186340332
6,69,0.5424474477767944
6,70,0.40357470512390137
6,71,0.5033722519874573
6,72,0.5737895369529724
6,73,0.5737895369529724
6,74,0.5737895369529724
6,75,0.5547783970832825
6,76,0.36739277839660645
6,77,0.5697275996208191
6,78,0.49287664890289307
6,79,0.6768819093704224
6,80,0.46633750200271606
6,81,0.48119139671325684
6,82,0.5017111897468567
6,83,0.539622962474823
6,84,0.5667077898979187
6,85,0.5624620914459229
6,86,0.7092554569244385
6,87,0.4916449189186096
6,88,0.6080451011657715
6,89,0.6351081132888794
6,90,0.6149577498435974
6,91,0.42436477541923523
6,92,0.5596970915794373
6,93,0.6077111959457397
6,94,0.5414795279502869
6,95,0.5274215936660767
6,96,0.5139739513397217
7,0,0.5870593190193176
7,1,0.8479167222976685
7,2,0.6667370200157166
7,3,0.3852553963661194
7,4,0.8400201797485352
7,5,0.22832435369491577
7,6,0.45921820402145386
7,7,0.9999998807907104
7,8,0.9727417826652527
7,9,0.32590779662132263
7,10,0.01994364522397518
7,11,0.1454852968454361
7,12,0.2700854241847992
7,13,0.2572419345378876
7,14,0.18120303750038147
7,15,0.23808124661445618
7,16,0.4833817183971405
7,17,0.2123986780643463
7,18,0.2822011411190033
7,19,0.22460806369781494
7,20,0.24300485849380493
7,21,0.33639803528785706
7,22,0.2895112633705139
7,23,0.24235126376152039
7,24,0.587303876876831
7,25,0.36484411358833313
7,26,0.3836250901222229
7,27,0.28694042563438416
7,28,0.4563763737678528
7,29,0.2681921422481537
7,30,0.3145824372768402
7,31,0.2081804871559143
7,32,0.23505088686943054
7,33,0.3435111939907074
7,34,0.24701303243637085
7,35,0.31683120131492615
7,36,0.4194279909133911
7,37,0.18451908230781555
7,38,0.46480920910835266
7,39,0.25930291414260864
7,40,0.4845375716686249
7,41,0.5779775381088257
7,42,0.5137742757797241
7,43,0.5827364921569824
7,44,0.48156747221946716
7,45,0.4166674017906189
7,46,0.5405590534210205
7,47,0.33453887701034546
7,48,0.31248927116394043
7,49,0.15615269541740417
7,50,0.48368924856185913
7,51,0.22146153450012207
7,52,0.3549155294895172
7,53,0.4519212245941162
7,54,0.26512622833251953
7,55,0.3365841507911682
7,56,0.16449381411075592
7,57,0.27343249320983887
7,58,0.34911295771598816
7,59,0.10054223984479904
7,60,0.20573709905147552
7,61,0.5113034844398499
7,62,0.3570227026939392
7,63,0.28030920028686523
7,64,0.3858296275138855
7,65,0.4180344045162201
7,66,0.42117857933044434
7,67,0.3222002685070038
7,68,0.3819895088672638
7,69,0.2999047040939331
7,70,0.7757847905158997
7,71,0.4029863476753235
7,72,0.6449456214904785
7,73,0.6449456214904785
7,74,0.6449456214904785
7,75,0.666074275970459
7,76,0.48644790053367615
7,77,0.6343646049499512
7,78,0.4811447560787201
7,79,0.5151458382606506
7,80,0.789091944694519
7,81,0.5802927613258362
7,82,0.4888543486595154
7,83,0.5809584856033325
7,84,0.499131441116333
7,85,0.27015209197998047
7,86,0.403183251619339
7,87,0.6993304491043091
7,88,0.2839413583278656
7,89,0.41456592082977295
7,90,0.3022909164428711
7,91,0.5476343035697937
7,92,0.20728032290935516
7,93,0.34925851225852966
7,94,0.5911667943000793
7,95,0.5122905373573303
7,96,0.5623506307601929
8,0,0.619739830493927
8,1,0.8560597896575928
8,2,0.6442000269889832
8,3,0.3728379011154175
8,4,0.8499817848205566
8,5,0.22521692514419556
8,6,0.50925612449646
8,7,0.9727417826652527
8,8,0.9999998211860657
8,9,0.3029493987560272
8,10,0.0292433463037014
8,11,0.15900516510009766
8,12,0.27941370010375977
8,13,0.2636142373085022
8,14,0.18432699143886566
8,15,0.24397411942481995
8,16,0.4823657274246216
8,17,0.21181878447532654
8,18,0.2713549733161926
8,19,0.21668541431427002
8,20,0.23798833787441254
8,21,0.3595956563949585
8,22,0.29530441761016846
8,23,0.23998335003852844
8,24,0.6059246063232422
8,25,0.36687231063842773
8,26,0.39235788583755493
8,27,0.2748418152332306
8,28,0.4480879306793213
8,29,0.3170594871044159
8,30,0.30341407656669617
8,31,0.17102263867855072
8,32,0.23472213745117188
8,33,0.34871599078178406
8,34,0.2550802528858185
8,35,0.36789005994796753
8,36,0.3950580060482025
8,37,0.1723574995994568
8,38,0.44443970918655396
8,39,0.28779345750808716
8,40,0.4878891110420227
8,41,0.5921453237533569
8,42,0.46558836102485657
8,43,0.5542399287223816
8,44,0.49211668968200684
8,45,0.3915041983127594
8,46,0.5547892451286316
8,47,0.32649797201156616
8,48,0.2975512742996216
8,49,0.15740734338760376
8,50,0.4876067638397217
8,51,0.20905855298042297
8,52,0.3971030116081238
8,53,0.48481491208076477
8,54,0.25660955905914307
8,55,0.34387558698654175
8,56,0.15852218866348267
8,57,0.26115506887435913
8,58,0.36871814727783203
8,59,0.06346739083528519
8,60,0.16025833785533905
8,61,0.5064054727554321
8,62,0.36690157651901245
8,63,0.2468530833721161
8,64,0.3631375730037689
8,65,0.3710589110851288
8,66,0.4249430298805237
8,67,0.3051812946796417
8,68,0.37231123447418213
8,69,0.28153055906295776
8,70,0.7308775782585144
8,71,0.3720360994338989
8,72,0.6330617070198059
8,73,0.6330617070198059
8,74,0.6330617070198059
8,75,0.6510339379310608
8,76,0.46127134561538696
8,77,0.6269711852073669
8,78,0.47323358058929443
8,79,0.5578723549842834
8,80,0.7660336494445801
8,81,0.557055652141571
8,82,0.4926636219024658
8,83,0.5904415845870972
8,84,0.5072256922721863
8,85,0.2733917832374573
8,86,0.40957653522491455
8,87,0.6906248331069946
8,88,0.28079408407211304
8,89,0.43793392181396484
8,90,0.29630619287490845
8,91,0.5389925241470337
8,92,0.21309839189052582
8,93,0.3478192687034607
8,94,0.5954150557518005
8,95,0.5180646181106567
8,96,0.5585421919822693
9,0,0.4647560119628906
9,1,0.36890068650245667
9,2,0.3625600039958954
9,3,0.5638464689254761
9,4,0.34635356068611145
9,5,0.5525786876678467
9,6,0.47221481800079346
9,7,0.32590779662132263
9,8,0.3029493987560272
9,9,0.9999998211860657
9,10,0.4967808723449707
9,11,0.5878634452819824
9,12,0.553081214427948
9,13,0.6504043340682983
9,14,0.5368002653121948
9,15,0.5888085961341858
9,16,0.5936770439147949
9,17,0.481698215007782
9,18,0.7284680604934692
9,19,0.653942883014679
9,20,0.7276368141174316
9,21,0.6070191860198975
9,22,0.6461053490638733
9,23,0.7309653759002686
9,24,0.4977964162826538
9,25,0.5560077428817749
9,26,0.4192875027656555
9,27,0.5442296266555786
9,28,0.5613742470741272
9,29,0.4767712354660034
9,30,0.6026086211204529
9,31,0.2078075259923935
9,32,0.4247397482395172
9,33,0.3746553361415863
9,34,0.397002249956131
9,35,0.3764151334762573
9,36,0.4087643027305603
9,37,0.30084314942359924
9,38,0.42145413160324097
9,39,0.4272085428237915
9,40,0.33744922280311584
9,41,0.5603936910629272
9,42,0.43321195244789124
9,43,0.483944833278656
9,44,0.3815830945968628
9,45,0.39616477489471436
9,46,0.6086363792419434
9,47,0.6375579833984375
9,48,0.5949357748031616
9,49,0.5963512659072876
9,50,0.6266677379608154
9,51,0.43533942103385925
9,52,0.5115096569061279
9,53,0.5210069417953491
9,54,0.5217576026916504
9,55,0.5697212219238281
9,56,0.5867475271224976
9,57,0.5461039543151855
9,58,0.622329831123352
9,59,0.5345454216003418
9,60,0.4752786159515381
9,61,0.5853368043899536
9,62,0.5888252258300781
9,63,0.6826242208480835
9,64,0.4336608648300171
9,65,0.4718244671821594
9,66,0.47523263096809387
9,67,0.5729026794433594
9,68,0.6081867218017578
9,69,0.578951358795166
9,70,0.3794915974140167
9,71,0.5355936884880066
9,72,0.43893539905548096
9,73,0.43893539905548096
9,74,0.43893539905548096
9,75,0.5119694471359253
9,76,0.3899838328361511
9,77,0.45818591117858887
9,78,0.6441848874092102
9,79,0.5110319256782532
9,80,0.39141029119491577
9,81,0.5260024666786194
9,82,0.43721431493759155
9,83,0.49866822361946106
9,84,0.32805466651916504
9,85,0.47059279680252075
9,86,0.5825371742248535
9,87,0.4382062554359436
9,88,0.46779781579971313
9,89,0.39660513401031494
9,90,0.4657594859600067
9,91,0.47077444195747375
9,92,0.6200844049453735
9,93,0.4409629702568054
9,94,0.5367011427879333
9,95,0.44981062412261963
9,96,0.4917582869529724
10,0,0.33059409260749817
10,1,0.21525472402572632
10,2,0.11105410754680634
10,3,0.3725997507572174
10,4,0.2014988362789154
10,5,0.37006404995918274
10,6,0.43198931217193604
10,7,0.01994364522397518
10,8,0.0292433463037014
10,9,0.4967808723449707
10,10,0.9999998807907104
10,11,0.7235679030418396
10,12,0.5932590365409851
10,13,0.5142630338668823
10,14,0.5246589779853821
10,15,0.4605593681335449
10,16,0.23728981614112854
10,17,0.6472635269165039
10,18,0.341422438621521
10,19,0.26679903268814087
10,20,0.35424065589904785
10,21,0.41270509362220764
10,22,0.4357713758945465
10,23,0.3502656817436218
10,24,0.2934105098247528
10,25,0.5145426392555237
10,26,0.4124928414821625
10,27,0.41410577297210693
10,28,0.5063242316246033
10,29,0.4326550364494324
10,30,0.4860144257545471
10,31,0.234178364276886
10,32,0.44255200028419495
10,33,0.544815182685852
10,34,0.5157045125961304
10,35,0.27439481019973755
10,36,0.23397229611873627
10,37,0.5472649335861206
10,38,0.21989847719669342
10,39,0.4719477891921997
10,40,0.2110522985458374
10,41,0.3138377368450165
10,42,0.20469608902931213
10,43,0.21591268479824066
10,44,0.31114280223846436
10,45,0.32551825046539307
10,46,0.4518129229545593
10,47,0.5132964253425598
10,48,0.43369466066360474
10,49,0.49185019731521606
10,50,0.36084431409835815
10,51,0.5135091543197632
10,52,0.5010430216789246
10,53,0.4084457457065582
10,54,0.45638877153396606
10,55,0.4503093957901001
10,56,0.4584522843360901
10,57,0.44233036041259766
10,58,0.48423856496810913
10,59,0.548963189125061
10,60,0.39115989208221436
10,61,0.3257468044757843
10,62,0.42930957674980164
10,63,0.5301656723022461
10,64,0.4005848169326782
10,65,0.23928119242191315
10,66,0.31218254566192627
10,67,0.4263862371444702
10,68,0.3407233655452728
10,69,0.4888198971748352
10,70,0.08340535312891006
10,71,0.2786262333393097
10,72,0.24158625304698944
10,73,0.24158625304698944
10,74,0.24158625304698944
10,75,0.28646743297576904
10,76,0.1721576303243637
10,77,0.22423064708709717
10,78,0.2628631889820099
10,79,0.3883504271507263
10,80,0.1281563937664032
10,81,0.19157341122627258
10,82,0.2944874167442322
10,83,0.25411081314086914
10,84,0.33355820178985596
10,85,0.43697589635849
10,86,0.4443105161190033
10,87,0.18420200049877167
10,88,0.5363771915435791
10,89,0.4173622727394104
10,90,0.5245655179023743
10,91,0.25110703706741333
10,92,0.666427493095398
10,93,0.44996219873428345
10,94,0.3188154399394989
10,95,0.2996945083141327
10,96,0.21776726841926575
11,0,0.4120385944843292
11,1,0.36959385871887207
11,2,0.19446350634098053
11,3,0.4987870156764984
11,4,0.3546258807182312
11,5,0.48437902331352234
11,6,0.5726633667945862
11,7,0.1454852968454361
11,8,0.15900516510009766
11,9,0.5878634452819824
11,10,0.7235679030418396
11,11,1.0
11,12,0.6987516283988953
11,13,0.6635087132453918
11,14,0.598022997379303
11,15,0.5049386620521545
11,16,0.42853420972824097
11,17,0.7274072170257568
11,18,0.4851512014865875
11,19,0.4270550012588501
11,20,0.49132657051086426
11,21,0.5847280025482178
11,22,0.5487875938415527
11,23,0.48820602893829346
11,24,0.4401227831840515
11,25,0.5713716149330139
11,26,0.6067113876342773
11,27,0.588394045829773
11,28,0.634894073009491
11,29,0.5785545706748962
11,30,0.5878332853317261
11,31,0.011789325624704361
11,32,0.5130454301834106
11,33,0.552351713180542
11,34,0.5022445321083069
11,35,0.49167531728744507
11,36,0.26284259557724
11,37,0.554114580154419
11,38,0.3171888589859009
11,39,0.5119035840034485
11,40,0.3389643132686615
11,41,0.3833450376987457
11,42,0.26369428634643555
11,43,0.3617089092731476
11,44,0.4553649425506592
11,45,0.5117368102073669
11,46,0.553412675857544
11,47,0.6122554540634155
11,48,0.5749377012252808
11,49,0.5828741192817688
11,50,0.5397946834564209
11,51,0.6088195443153381
11,52,0.5997008085250854
11,53,0.5339719653129578
11,54,0.5992425680160522
11,55,0.6151448488235474
11,56,0.49714839458465576
11,57,0.6076469421386719
11,58,0.5953273773193359
11,59,0.6124870181083679
11,60,0.3656727373600006
11,61,0.3952493667602539
11,62,0.4986122250556946
11,63,0.525656521320343
11,64,0.369466096162796
11,65,0.24819311499595642
11,66,0.3928387761116028
11,67,0.47196507453918457
11,68,0.4572965204715729
11,69,0.5471920967102051
11,70,0.12869572639465332
11,71,0.41952282190322876
11,72,0.34348100423812866
11,73,0.34348100423812866
11,74,0.34348100423812866
11,75,0.3627011477947235
11,76,0.15382303297519684
11,77,0.3232150673866272
11,78,0.46222469210624695
11,79,0.4997020363807678
11,80,0.2326616793870926
11,81,0.31356629729270935
11,82,0.3528745472431183
11,83,0.41508495807647705
11,84,0.3694419264793396
11,85,0.5687047243118286
11,86,0.5766647458076477
11,87,0.2729516923427582
11,88,0.713248074054718
11,89,0.6480816602706909
11,90,0.7080094218254089
11,91,0.30862244963645935
11,92,0.7023591995239258
11,93,0.5450330972671509
11,94,0.3903208374977112
11,95,0.3901093900203705
11,96,0.31433939933776855
12,0,0.4231734871864319
12,1,0.3856702148914337
12,2,0.2910093367099762
12,3,0.5441106557846069
12,4,0.3628454804420471
12,5,0.463445782661438
12,6,0.6108540892601013
12,7,0.2700854241847992
12,8,0.27941370010375977
12,9,0.553081214427948
12,10,0.5932590365409851
12,11,0.6987516283988953
12,12,1.0
12,13,0.6591709852218628
12,14,0.5730002522468567
12,15,0.6127921342849731
12,16,0.49983227252960205
12,17,0.5364038944244385
12,18,0.42103904485702515
12,19,0.3089925944805145
12,20,0.41728273034095764
12,21,0.5839834809303284
12,22,0.5770589113235474
12,23,0.4145713150501251
12,24,0.49211692810058594
12,25,0.6142987012863159
12,26,0.4740000367164612
12,27,0.5341832637786865
12,28,0.661459743976593
12,29,0.4250413179397583
12,30,0.5782906413078308
12,31,0.04352250322699547
12,32,0.4093056321144104
12,33,0.46312540769577026
12,34,0.6510322093963623
12,35,0.2743821442127228
12,36,0.29986637830734253
12,37,0.37973105907440186
12,38,0.29641488194465637
12,39,0.3365294337272644
12,40,0.310838907957077
12,41,0.39449527859687805
12,42,0.29682934284210205
12,43,0.33045417070388794
12,44,0.33616605401039124
12,45,0.4177018702030182
12,46,0.5649043321609497
12,47,0.5879456996917725
12,48,0.4192425310611725
12,49,0.5358601808547974
12,50,0.4950307011604309
12,51,0.571232259273529
12,52,0.6675952076911926
12,53,0.5094200372695923
12,54,0.5315946936607361
12,55,0.5189892649650574
12,56,0.5004149675369263
12,57,0.5986385345458984
12,58,0.5373947620391846
12,59,0.4589567482471466
12,60,0.41199928522109985
12,61,0.4817349910736084
12,62,0.5823366045951843
12,63,0.6400450468063354
12,64,0.27638572454452515
12,65,0.21054008603096008
12,66,0.5389246344566345
12,67,0.5946436524391174
12,68,0.38680052757263184
12,69,0.5982534289360046
12,70,0.2271893471479416
12,71,0.3489474654197693
12,72,0.41421303153038025
12,73,0.41421303153038025
12,74,0.41421303153038025
12,75,0.47020429372787476
12,76,0.41807806491851807
12,77,0.3779543340206146
12,78,0.49843376874923706
12,79,0.5324965715408325
12,80,0.3670593500137329
12,81,0.3341350555419922
12,82,0.4223290681838989
12,83,0.3971590995788574
12,84,0.40225592255592346
12,85,0.5869703888893127
12,86,0.6352829337120056
12,87,0.33618927001953125
12,88,0.5184656381607056
12,89,0.4543209671974182
12,90,0.5084460377693176
12,91,0.34420812129974365
12,92,0.662601888179779
12,93,0.49738261103630066
12,94,0.3990180492401123
12,95,0.3451647162437439
12,96,0.34660518169403076
13,0,0.4196680784225464
13,1,0.3365080654621124
13,2,0.3615972697734833
13,3,0.5827621221542358
13,4,0.3205946981906891
13,5,0.5657150149345398
13,6,0.5476194620132446
13,7,0.2572419345378876
13,8,0.2636142373085022
13,9,0.6504043340682983
13,10,0.5142630338668823
13,11,0.6635087132453918
13,12,0.6591709852218628
13,13,0.9999998807907104
13,14,0.4685775637626648
13,15,0.44952911138534546
13,16,0.4873204529285431
13,17,0.4822756052017212
13,18,0.5046243667602539
13,19,0.43996942043304443
13,20,0.5097584128379822
13,21,0.4536447823047638
13,22,0.4828622341156006
13,23,0.513094425201416
13,24,0.40867653489112854
13,25,0.39857521653175354
13,26,0.35683417320251465
13,27,0.4381500482559204
13,28,0.4898812770843506
13,29,0.43944817781448364
13,30,0.5072999000549316
13,31,0.1079331487417221
13,32,0.34561657905578613
13,33,0.4620542824268341
13,34,0.41473305225372314
13,35,0.3475176692008972
13,36,0.22399580478668213
13,37,0.3861423134803772
13,38,0.34874969720840454
13,39,0.3347383737564087
13,40,0.27693983912467957
13,41,0.3918486535549164
13,42,0.3037351667881012
13,43,0.35564565658569336
13,44,0.33292099833488464
13,45,0.3465990424156189
13,46,0.5062737464904785
13,47,0.49372225999832153
13,48,0.46513158082962036
13,49,0.5091571807861328
13,50,0.5014901757240295
13,51,0.4536946415901184
13,52,0.4813421368598938
13,53,0.42910316586494446
13,54,0.5211468935012817
13,55,0.46094244718551636
13,56,0.5234344005584717
13,57,0.5853686928749084
13,58,0.4881691038608551
13,59,0.4677138924598694
13,60,0.4192216098308563
13,61,0.4868125915527344
13,62,0.5009900331497192
13,63,0.5989804267883301
13,64,0.40451914072036743
13,65,0.3167935013771057
13,66,0.4131958484649658
13,67,0.5288878083229065
13,68,0.4902457296848297
13,69,0.444933146238327
13,70,0.21243873238563538
13,71,0.41924694180488586
13,72,0.3396456837654114
13,73,0.3396456837654114
13,74,0.3396456837654114
13,75,0.38610368967056274
13,76,0.2558493912220001
13,77,0.3541494607925415
13,78,0.4245569109916687
13,79,0.45315173268318176
13,80,0.27032649517059326
13,81,0.4056086540222168
13,82,0.32176899909973145
13,83,0.3692091107368469
13,84,0.31765836477279663
13,85,0.41415202617645264
13,86,0.5128720998764038
13,87,0.2944609224796295
13,88,0.46647965908050537
13,89,0.4356343448162079
13,90,0.4821171164512634
13,91,0.3802993893623352
13,92,0.5630437731742859
13,93,0.4427185654640198
13,94,0.3876667320728302
13,95,0.3354668915271759
13,96,0.3722802996635437
14,0,0.29840531945228577
14,1,0.30135607719421387
14,2,0.2928175628185272
14,3,0.44170352816581726
14,4,0.2927526831626892
14,5,0.3874853253364563
14,6,0.4906262755393982
14,7,0.18120303750038147
14,8,0.18432699143886566
14,9,0.5368002653121948
14,10,0.5246589779853821
14,11,0.598022997379303
14,12,0.5730002522468567
14,13,0.4685775637626648
14,14,1.0000001192092896
14,15,0.5669013857841492
14,16,0.47070735692977905
14,17,0.6105406880378723
14,18,0.5067720413208008
14,19,0.5091776251792908
14,20,0.4734797775745392
14,21,0.499345064163208
14,22,0.6123161911964417
14,23,0.46945667266845703
14,24,0.433424174785614
14,25,0.5243765711784363
14,26,0.47984081506729126
14,27,0.5105387568473816
14,28,0.570411205291748
14,29,0.4839654564857483
14,30,0.508105993270874
14,31,0.16996169090270996
14,32,0.4775257706642151
14,33,0.40782034397125244
14,34,0.47847503423690796
14,35,0.41857820749282837
14,36,0.3250496983528137
14,37,0.4701157510280609
14,38,0.2269122302532196
14,39,0.37915053963661194
14,40,0.24271002411842346
14,41,0.3133700489997864
14,42,0.26223263144493103
14,43,0.28918108344078064
14,44,0.3035697937011719
14,45,0.36925533413887024
14,46,0.4853789806365967
14,47,0.6029569506645203
14,48,0.5910757780075073
14,49,0.5140195488929749
14,50,0.5493060946464539
14,51,0.602196216583252
14,52,0.5666418075561523
14,53,0.48506778478622437
14,54,0.6021808385848999
14,55,0.5945237874984741
14,56,0.5491121411323547
14,57,0.615530252456665
14,58,0.47994428873062134
14,59,0.6213047504425049
14,60,0.4669133424758911
14,61,0.42890465259552
14,62,0.5109254121780396
14,63,0.48252660036087036
14,64,0.28179532289505005
14,65,0.24326759576797485
14,66,0.4629247784614563
14,67,0.49055275321006775
14,68,0.4233827590942383
14,69,0.45356717705726624
14,70,0.26149556040763855
14,71,0.33091047406196594
14,72,0.395498663187027
14,73,0.395498663187027
14,74,0.395498663187027
14,75,0.4138071537017822
14,76,0.2483637034893036
14,77,0.42237401008605957
14,78,0.4871196746826172
14,79,0.4560888409614563
14,80,0.3216991424560547
14,81,0.3917788863182068
14,82,0.43053996562957764
14,83,0.4513532519340515
14,84,0.3633783459663391
14,85,0.47841164469718933
14,86,0.6060858964920044
14,87,0.3522861897945404
14,88,0.5760795474052429
14,89,0.4703277051448822
14,90,0.5390622615814209
14,91,0.2577080726623535
14,92,0.7074289321899414
14,93,0.5367698073387146
14,94,0.4447656273841858
14,95,0.4669489860534668
14,96,0.4177698791027069
15,0,0.3769723176956177
15,1,0.3474786877632141
15,2,0.3379918038845062
15,3,0.5407848954200745
15,4,0.32794618606567383
15,5,0.42781776189804077
15,6,0.5186099410057068
15,7,0.23808124661445618
15,8,0.24397411942481995
15,9,0.5888085961341858
15,10,0.4605593681335449
15,11,0.5049386620521545
15,12,0.6127921342849731
15,13,0.44952911138534546
15,14,0.5669013857841492
15,15,0.9999997615814209
15,16,0.5948914289474487
15,17,0.49544557929039
15,18,0.5051232576370239
15,19,0.4120957851409912
15,20,0.512900710105896
15,21,0.5415144562721252
15,22,0.6575859189033508
15,23,0.5076466202735901
15,24,0.5294128656387329
15,25,0.5403727293014526
15,26,0.3543790280818939
15,27,0.4636861979961395
15,28,0.5565443634986877
15,29,0.45683592557907104
15,30,0.6022930145263672
15,31,0.2063884437084198
15,32,0.5280802845954895
15,33,0.4852438271045685
15,34,0.48890575766563416
15,35,0.41655290126800537
15,36,0.35039201378822327
15,37,0.3854707181453705
15,38,0.43284791707992554
15,39,0.3518604338169098
15,40,0.3979872167110443
15,41,0.5099019408226013
15,42,0.3602258563041687
15,43,0.3938646912574768
15,44,0.3706071078777313
15,45,0.4643571674823761
15,46,0.6130121350288391
15,47,0.6315386891365051
15,48,0.5194879770278931
15,49,0.5134505033493042
15,50,0.5119406580924988
15,51,0.46267080307006836
15,52,0.5822499394416809
15,53,0.5180637240409851
15,54,0.5356889963150024
15,55,0.5374289155006409
15,56,0.6151363849639893
15,57,0.5256343483924866
15,58,0.5826210379600525
15,59,0.5026758909225464
15,60,0.5086100101470947
15,61,0.4885088801383972
15,62,0.6843187212944031
15,63,0.5742161273956299
15,64,0.36176198720932007
15,65,0.34605658054351807
15,66,0.43086013197898865
15,67,0.5129170417785645
15,68,0.5691004991531372
15,69,0.45884862542152405
15,70,0.34436744451522827
15,71,0.45224064588546753
15,72,0.5236609578132629
15,73,0.5236609578132629
15,74,0.5236609578132629
15,75,0.5564865469932556
15,76,0.5537883639335632
15,77,0.536323070526123
15,78,0.6042739748954773
15,79,0.495639443397522
15,80,0.44718313217163086
15,81,0.45017293095588684
15,82,0.5117289423942566
15,83,0.5109438896179199
15,84,0.36669671535491943
15,85,0.5510847568511963
15,86,0.6198770403862
15,87,0.3937418460845947
15,88,0.4469531178474426
15,89,0.4245457351207733
15,90,0.4643673300743103
15,91,0.40656283497810364
15,92,0.6370610594749451
15,93,0.5597109794616699
15,94,0.5714544057846069
15,95,0.4750950038433075
15,96,0.4499903917312622
16,0,0.4952887296676636
16,1,0.5552244782447815
16,2,0.5248845815658569
16,3,0.5213611125946045
16,4,0.5394107103347778
16,5,0.43242427706718445
16,6,0.5187087059020996
16,7,0.4833817183971405
16,8,0.4823657274246216
16,9,0.5936770439147949
16,10,0.23728981614112854
16,11,0.42853420972824097
16,12,0.49983227252960205
16,13,0.4873204529285431
16,14,0.47070735692977905
16,15,0.5948914289474487
16,16,1.0
16,17,0.5264168977737427
16,18,0.7297883629798889
16,19,0.6180664896965027
16,20,0.6901110410690308
16,21,0.6183406114578247
16,22,0.7514792680740356
16,23,0.6877376437187195
16,24,0.7891396284103394
16,25,0.5100646018981934
16,26,0.4273032546043396
16,27,0.46980804204940796
16,28,0.5584511160850525
16,29,0.4147460162639618
16,30,0.5696492195129395
16,31,0.137135311961174
16,32,0.4782368540763855
16,33,0.4637880027294159
16,34,0.41683340072631836
16,35,0.4511818289756775
16,36,0.45217493176460266
16,37,0.3242461085319519
16,38,0.3564113676548004
16,39,0.38611215353012085
16,40,0.36189162731170654
16,41,0.5365058183670044
16,42,0.3761974573135376
16,43,0.4755440056324005
16,44,0.41983774304389954
16,45,0.45286935567855835
16,46,0.6043263673782349
16,47,0.5904863476753235
16,48,0.5859518647193909
16,49,0.30768540501594543
16,50,0.5999287366867065
16,51,0.4022139608860016
16,52,0.5327543020248413
16,53,0.5651930570602417
16,54,0.515021026134491
16,55,0.5516989827156067
16,56,0.5037671327590942
16,57,0.48483920097351074
16,58,0.5001917481422424
16,59,0.4935348629951477
16,60,0.5538812875747681
16,61,0.4992677569389343
16,62,0.5515410900115967
16,63,0.4923855662345886
16,64,0.4056321680545807
16,65,0.3495299816131592
16,66,0.5088170170783997
16,67,0.526400089263916
16,68,0.5755198001861572
16,69,0.45313429832458496
16,70,0.4874597489833832
16,71,0.4724457561969757
16,72,0.5609386563301086
16,73,0.5609386563301086
16,74,0.5609386563301086
16,75,0.5702248811721802
16,76,0.4304439127445221
16,77,0.6405311822891235
16,78,0.6387258172035217
16,79,0.5063337683677673
