from_article,to_article,similarity_score
0,0,0.9999999403953552
0,1,0.579262912273407
0,2,0.3822413980960846
0,3,0.5079444050788879
0,4,0.559252917766571
0,5,0.4342916011810303
0,6,0.5608669519424438
0,7,0.5621021389961243
0,8,0.5816160440444946
0,9,0.3992418050765991
0,10,0.2915099561214447
0,11,0.3308177888393402
0,12,0.34784606099128723
0,13,0.36963048577308655
0,14,0.27272090315818787
0,15,0.29795342683792114
0,16,0.40893837809562683
0,17,0.2835496664047241
0,18,0.4031558632850647
0,19,0.281471312046051
0,20,0.29797881841659546
0,21,0.5221057534217834
0,22,0.4524294137954712
0,23,0.29797881841659546
0,24,0.559672474861145
0,25,0.6160906553268433
0,26,0.582203209400177
0,27,0.5335817337036133
0,28,0.5901339650154114
0,29,0.5518370866775513
0,30,0.5208349227905273
0,31,0.12278775870800018
0,32,0.39838534593582153
0,33,0.539249062538147
0,34,0.41274362802505493
0,35,0.5427535772323608
0,36,0.42162489891052246
0,37,0.32975855469703674
0,38,0.4447788894176483
0,39,0.5205856561660767
0,40,0.559132993221283
0,41,0.6477014422416687
0,42,0.41542598605155945
0,43,0.5693329572677612
0,44,0.5859946012496948
0,45,0.45455554127693176
0,46,0.5576109886169434
0,47,0.5621294975280762
0,48,0.5010403394699097
0,49,0.3952491879463196
0,50,0.6324186325073242
0,51,0.43349650502204895
0,52,0.5400276184082031
0,53,0.682807207107544
0,54,0.4599842429161072
0,55,0.5846065282821655
0,56,0.4069802165031433
0,57,0.4158010482788086
0,58,0.6087450981140137
0,59,0.31458067893981934
0,60,0.2761196196079254
0,61,0.5907565951347351
0,62,0.5558387041091919
0,63,0.4709705710411072
0,64,0.5276682376861572
0,65,0.42506659030914307
0,66,0.4896456301212311
0,67,0.46585822105407715
0,68,0.4587197005748749
0,69,0.5710951685905457
0,70,0.4967692494392395
0,71,0.4958346486091614
0,72,0.4708631932735443
0,73,0.4708631932735443
0,74,0.4708631932735443
0,75,0.6298707127571106
0,76,0.3684331178665161
0,77,0.5203480124473572
0,78,0.4954185485839844
0,79,0.6247052550315857
0,80,0.5490692853927612
0,81,0.5385646224021912
0,82,0.45907264947891235
0,83,0.5287601351737976
0,84,0.5515947341918945
0,85,0.4659898281097412
0,86,0.5228250026702881
0,87,0.5749015212059021
0,88,0.393804669380188
0,89,0.5164923667907715
0,90,0.41876545548439026
0,91,0.5241571664810181
0,92,0.3804662525653839
0,93,0.401729017496109
0,94,0.5555137395858765
0,95,0.44840875267982483
0,96,0.5196670293807983
0,97,0.10197483748197556
0,98,0.21470746397972107
1,0,0.579262912273407
1,1,1.0000001192092896
1,2,0.6129075288772583
1,3,0.42969778180122375
1,4,0.9908021688461304
1,5,0.28767138719558716
1,6,0.5341035723686218
1,7,0.8345036506652832
1,8,0.8280324935913086
1,9,0.3240439295768738
1,10,0.1832166612148285
1,11,0.32508015632629395
1,12,0.3396124839782715
1,13,0.3157925307750702
1,14,0.28490546345710754
1,15,0.3533910810947418
1,16,0.4807034134864807
1,17,0.43560516834259033
1,18,0.3330761790275574
1,19,0.2446536123752594
1,20,0.29667794704437256
1,21,0.40599316358566284
1,22,0.39673346281051636
1,23,0.29667794704437256
1,24,0.6513727903366089
1,25,0.46081653237342834
1,26,0.522569477558136
1,27,0.3681257665157318
1,28,0.5380135774612427
1,29,0.41189149022102356
1,30,0.41788235306739807
1,31,0.12443757802248001
1,32,0.39043039083480835
1,33,0.4843067526817322
1,34,0.4123297333717346
1,35,0.4461345076560974
1,36,0.44554227590560913
1,37,0.38229483366012573
1,38,0.3947623074054718
1,39,0.38898974657058716
1,40,0.46672600507736206
1,41,0.5735061168670654
1,42,0.3888830840587616
1,43,0.49611562490463257
1,44,0.5381301641464233
1,45,0.5259053707122803
1,46,0.6417739391326904
1,47,0.4491942524909973
1,48,0.45177507400512695
1,49,0.21884170174598694
1,50,0.5181252360343933
1,51,0.35100898146629333
1,52,0.5277323722839355
1,53,0.5562989711761475
1,54,0.39582881331443787
1,55,0.4654286801815033
1,56,0.25772640109062195
1,57,0.3613361418247223
1,58,0.4469729959964752
1,59,0.2828218638896942
1,60,0.28273946046829224
1,61,0.4368716776371002
1,62,0.4191305935382843
1,63,0.31860482692718506
1,64,0.4265820384025574
1,65,0.4124748408794403
1,66,0.41496795415878296
1,67,0.3305710554122925
1,68,0.44725170731544495
1,69,0.3479113280773163
1,70,0.6437162756919861
1,71,0.4492884576320648
1,72,0.6650724411010742
1,73,0.6650724411010742
1,74,0.6650724411010742
1,75,0.6878901720046997
1,76,0.39393121004104614
1,77,0.6337102651596069
1,78,0.5102218389511108
1,79,0.5753710269927979
1,80,0.7247206568717957
1,81,0.514867901802063
1,82,0.5667352676391602
1,83,0.618820071220398
1,84,0.5817754864692688
1,85,0.380855917930603
1,86,0.4375433325767517
1,87,0.6448531746864319
1,88,0.46567240357398987
1,89,0.5755726099014282
1,90,0.46865445375442505
1,91,0.5292807817459106
1,92,0.3436489701271057
1,93,0.3970097601413727
1,94,0.6425978541374207
1,95,0.550481915473938
1,96,0.5210622549057007
1,97,0.031210893765091896
1,98,0.10612520575523376
2,0,0.3822413980960846
2,1,0.6129075288772583
2,2,0.9999999403953552
2,3,0.3551163673400879
2,4,0.5890258550643921
2,5,0.28973379731178284
2,6,0.3270435333251953
2,7,0.6118438839912415
2,8,0.5876731276512146
2,9,0.29709097743034363
2,10,0.0846233069896698
2,11,0.11514344811439514
2,12,0.21065734326839447
2,13,0.30510202050209045
2,14,0.28609681129455566
2,15,0.30259108543395996
2,16,0.43120506405830383
2,17,0.24957498908042908
2,18,0.3102956712245941
2,19,0.3166745603084564
2,20,0.28852537274360657
2,21,0.2138378918170929
2,22,0.3043166697025299
2,23,0.28852537274360657
2,24,0.5165941119194031
2,25,0.22810417413711548
2,26,0.21157678961753845
2,27,0.15479451417922974
2,28,0.29970383644104004
2,29,0.30400270223617554
2,30,0.1868201196193695
2,31,0.2990780174732208
2,32,0.19640031456947327
2,33,0.3289090394973755
2,34,0.1821100115776062
2,35,0.3724660575389862
2,36,0.3090774714946747
2,37,0.21249604225158691
2,38,0.30045825242996216
2,39,0.25130143761634827
2,40,0.30996423959732056
2,41,0.44503146409988403
2,42,0.3203732967376709
2,43,0.36579906940460205
2,44,0.44945892691612244
2,45,0.26127010583877563
2,46,0.4141290783882141
2,47,0.2801474928855896
2,48,0.35821035504341125
2,49,0.10656001418828964
2,50,0.404654324054718
2,51,0.24187976121902466
2,52,0.32145607471466064
2,53,0.32705849409103394
2,54,0.3020160496234894
2,55,0.3583962917327881
2,56,0.2882222533226013
2,57,0.32365548610687256
2,58,0.24898378551006317
2,59,0.23556286096572876
2,60,0.38376572728157043
2,61,0.4328836500644684
2,62,0.2808298170566559
2,63,0.2507782578468323
2,64,0.33356040716171265
2,65,0.47101670503616333
2,66,0.3281329274177551
2,67,0.22105476260185242
2,68,0.3503970205783844
2,69,0.17681947350502014
2,70,0.5467423796653748
2,71,0.4582407474517822
2,72,0.52208012342453
2,73,0.52208012342453
2,74,0.52208012342453
2,75,0.44819003343582153
2,76,0.3105456829071045
2,77,0.5666986107826233
2,78,0.32163819670677185
2,79,0.361263632774353
2,80,0.6113559603691101
2,81,0.43426012992858887
2,82,0.46864938735961914
2,83,0.5154646635055542
2,84,0.3702131509780884
2,85,0.14317691326141357
2,86,0.3032119870185852
2,87,0.49162229895591736
2,88,0.22956815361976624
2,89,0.30897846817970276
2,90,0.22540639340877533
2,91,0.34851306676864624
2,92,0.18493054807186127
2,93,0.31443724036216736
2,94,0.5299419164657593
2,95,0.477272093296051
2,96,0.42765140533447266
2,97,0.2233581393957138
2,98,0.30303722620010376
3,0,0.5079444050788879
3,1,0.42969778180122375
3,2,0.3551163673400879
3,3,1.0
3,4,0.40983906388282776
3,5,0.6825908422470093
3,6,0.743880033493042
3,7,0.3620373010635376
3,8,0.35219526290893555
3,9,0.5011070370674133
3,10,0.32946133613586426
3,11,0.42578864097595215
3,12,0.4940289855003357
3,13,0.5432031750679016
3,14,0.4324839115142822
3,15,0.46452510356903076
3,16,0.47772300243377686
3,17,0.28421643376350403
3,18,0.4915665090084076
3,19,0.41106003522872925
3,20,0.4946293234825134
3,21,0.46231433749198914
3,22,0.5264642834663391
3,23,0.4946293234825134
3,24,0.42215079069137573
3,25,0.48564645648002625
3,26,0.35120874643325806
3,27,0.47601330280303955
3,28,0.4759262204170227
3,29,0.46996790170669556
3,30,0.5186310410499573
3,31,0.10113990306854248
3,32,0.437053918838501
3,33,0.4715491235256195
3,34,0.3768472671508789
3,35,0.42949581146240234
3,36,0.3286915123462677
3,37,0.35072025656700134
3,38,0.48493507504463196
3,39,0.38885730504989624
3,40,0.44909459352493286
3,41,0.4949808716773987
3,42,0.43193870782852173
3,43,0.5047430992126465
3,44,0.43940070271492004
3,45,0.43630024790763855
3,46,0.46856051683425903
3,47,0.5280669927597046
3,48,0.42096859216690063
3,49,0.45122167468070984
3,50,0.5112552642822266
3,51,0.3910902738571167
3,52,0.4188036322593689
3,53,0.45322269201278687
3,54,0.4547402858734131
3,55,0.47575974464416504
3,56,0.5386064648628235
3,57,0.4516974687576294
3,58,0.5033714175224304
3,59,0.37997865676879883
3,60,0.6122069954872131
3,61,0.528735876083374
3,62,0.5819443464279175
3,63,0.6439235210418701
3,64,0.4969139099121094
3,65,0.5023330450057983
3,66,0.5292056202888489
3,67,0.6557120680809021
3,68,0.5986348986625671
3,69,0.5119505524635315
3,70,0.31939369440078735
3,71,0.6208837032318115
3,72,0.5545167922973633
3,73,0.5545167922973633
3,74,0.5545167922973633
3,75,0.49040472507476807
3,76,0.33851224184036255
3,77,0.49559634923934937
3,78,0.47142720222473145
3,79,0.4697680175304413
3,80,0.4083127975463867
3,81,0.42682138085365295
3,82,0.40353721380233765
3,83,0.4529796838760376
3,84,0.43315815925598145
3,85,0.4794676601886749
3,86,0.4818975627422333
3,87,0.34091660380363464
3,88,0.38541653752326965
3,89,0.40883272886276245
3,90,0.40731436014175415
3,91,0.45801669359207153
3,92,0.42643553018569946
3,93,0.42675769329071045
3,94,0.44832170009613037
3,95,0.3300762474536896
3,96,0.42927974462509155
3,97,0.18484175205230713
3,98,0.32393500208854675
4,0,0.559252917766571
4,1,0.9908021688461304
4,2,0.5890258550643921
4,3,0.40983906388282776
4,4,1.0000001192092896
4,5,0.27870455384254456
4,6,0.5169218182563782
4,7,0.8066627383232117
4,8,0.802243709564209
4,9,0.30573663115501404
4,10,0.20194989442825317
4,11,0.32411083579063416
4,12,0.3251407742500305
4,13,0.2931872606277466
4,14,0.2820873558521271
4,15,0.3468056917190552
4,16,0.4629896879196167
4,17,0.4522193968296051
4,18,0.32596611976623535
4,19,0.24393895268440247
4,20,0.29839012026786804
4,21,0.39690619707107544
4,22,0.3831910490989685
4,23,0.29839012026786804
4,24,0.6316820383071899
4,25,0.4409247040748596
4,26,0.5105852484703064
4,27,0.3471843898296356
4,28,0.522463321685791
4,29,0.4126400947570801
4,30,0.40747618675231934
4,31,0.13419003784656525
4,32,0.40618374943733215
4,33,0.4901975989341736
4,34,0.39772263169288635
4,35,0.4487818777561188
4,36,0.44260886311531067
4,37,0.4064996540546417
4,38,0.37910598516464233
4,39,0.3994794189929962
4,40,0.46279752254486084
4,41,0.5548056364059448
4,42,0.37437835335731506
4,43,0.47735488414764404
4,44,0.5240253210067749
4,45,0.5135610103607178
4,46,0.6255840063095093
4,47,0.4343859553337097
4,48,0.44319719076156616
4,49,0.19910842180252075
4,50,0.4861627221107483
4,51,0.3344790041446686
4,52,0.5130617618560791
4,53,0.5381680727005005
4,54,0.3746470510959625
4,55,0.4530128240585327
4,56,0.24988707900047302
4,57,0.3308969736099243
4,58,0.4326673448085785
4,59,0.29069074988365173
4,60,0.2769981920719147
4,61,0.3991739749908447
4,62,0.3922818601131439
4,63,0.2967074513435364
4,64,0.4270769953727722
4,65,0.3962783217430115
4,66,0.38423341512680054
4,67,0.3089393973350525
4,68,0.4364754557609558
4,69,0.31423109769821167
4,70,0.6136879324913025
4,71,0.4282688796520233
4,72,0.6420445442199707
4,73,0.6420445442199707
4,74,0.6420445442199707
4,75,0.6728264093399048
4,76,0.3690008819103241
4,77,0.6095724105834961
4,78,0.4864422082901001
4,79,0.5576311945915222
4,80,0.6980997920036316
4,81,0.4938008189201355
4,82,0.5513551831245422
4,83,0.5907543301582336
4,84,0.5743343234062195
4,85,0.37152478098869324
4,86,0.4168493151664734
4,87,0.6258715391159058
4,88,0.464873731136322
4,89,0.5695298910140991
4,90,0.4683113098144531
4,91,0.5397026538848877
4,92,0.33807581663131714
4,93,0.3839614987373352
4,94,0.6316312551498413
4,95,0.5512410998344421
4,96,0.5018807649612427
4,97,0.02143559604883194
4,98,0.0798981562256813
5,0,0.4342916011810303
5,1,0.28767138719558716
5,2,0.28973379731178284
5,3,0.6825908422470093
5,4,0.27870455384254456
5,5,0.9999997019767761
5,6,0.45742037892341614
5,7,0.1817316710948944
5,8,0.16567975282669067
5,9,0.5236947536468506
5,10,0.32780250906944275
5,11,0.41752058267593384
5,12,0.4081557095050812
5,13,0.5465718507766724
5,14,0.3755594491958618
5,15,0.36718904972076416
5,16,0.4136897921562195
5,17,0.240355983376503
5,18,0.5358744859695435
5,19,0.4390939474105835
5,20,0.5376242995262146
5,21,0.3999336063861847
5,22,0.4565383791923523
5,23,0.5376242995262146
5,24,0.26832154393196106
5,25,0.37300699949264526
5,26,0.26844871044158936
5,27,0.37930721044540405
5,28,0.32651427388191223
5,29,0.5021753907203674
5,30,0.4881748557090759
5,31,0.15020833909511566
5,32,0.3600195050239563
5,33,0.43943339586257935
5,34,0.3118950426578522
5,35,0.3704083561897278
5,36,0.2480188012123108
5,37,0.3000451624393463
5,38,0.46774744987487793
5,39,0.3773311972618103
5,40,0.39242446422576904
5,41,0.44846272468566895
5,42,0.4105879068374634
5,43,0.41047316789627075
5,44,0.3597128093242645
5,45,0.4031496047973633
5,46,0.36133676767349243
5,47,0.48004767298698425
5,48,0.36948102712631226
5,49,0.44465184211730957
5,50,0.47310152649879456
5,51,0.33515745401382446
5,52,0.3511573076248169
5,53,0.35873639583587646
5,54,0.4395460784435272
5,55,0.45902517437934875
5,56,0.4767376184463501
5,57,0.44714200496673584
5,58,0.420926034450531
5,59,0.36628803610801697
5,60,0.5694279670715332
5,61,0.45819687843322754
5,62,0.48158419132232666
5,63,0.6225366592407227
5,64,0.512932300567627
5,65,0.5307893753051758
5,66,0.3909713923931122
5,67,0.47807255387306213
5,68,0.5882911086082458
5,69,0.454781174659729
5,70,0.18885956704616547
5,71,0.5359599590301514
5,72,0.34181761741638184
5,73,0.34181761741638184
5,74,0.34181761741638184
5,75,0.35829851031303406
5,76,0.19278307259082794
5,77,0.361270546913147
5,78,0.37077686190605164
5,79,0.37716004252433777
5,80,0.20136819779872894
5,81,0.3761497735977173
5,82,0.24007326364517212
5,83,0.3204856514930725
5,84,0.2964760959148407
5,85,0.407574862241745
5,86,0.3825948238372803
5,87,0.2692473232746124
5,88,0.3291802704334259
5,89,0.35355326533317566
5,90,0.35455653071403503
5,91,0.4828970432281494
5,92,0.34741073846817017
5,93,0.4043840765953064
5,94,0.36051949858665466
5,95,0.2631765305995941
5,96,0.3427989184856415
5,97,0.16954432427883148
5,98,0.3753169775009155
6,0,0.5608669519424438
6,1,0.5341035723686218
6,2,0.3270435333251953
6,3,0.743880033493042
6,4,0.5169218182563782
6,5,0.45742037892341614
6,6,0.9999996423721313
6,7,0.4276401400566101
6,8,0.46804893016815186
6,9,0.40986502170562744
6,10,0.3534013032913208
6,11,0.5297428965568542
6,12,0.5582045316696167
6,13,0.4943581223487854
6,14,0.47738105058670044
6,15,0.44359034299850464
6,16,0.47969016432762146
6,17,0.5033124089241028
6,18,0.4067043364048004
6,19,0.3392532169818878
6,20,0.39435771107673645
6,21,0.5320435762405396
6,22,0.5492029786109924
6,23,0.39435771107673645
6,24,0.5833004713058472
6,25,0.5739530920982361
6,26,0.6407031416893005
6,27,0.5759031772613525
6,28,0.6724432706832886
6,29,0.6449930667877197
6,30,0.5747475624084473
6,31,-0.03117832913994789
6,32,0.5526272058486938
6,33,0.5729576349258423
6,34,0.5517030954360962
6,35,0.5444351434707642
6,36,0.35547420382499695
6,37,0.5130224823951721
6,38,0.40842780470848083
6,39,0.5045015215873718
6,40,0.488203763961792
6,41,0.5192749500274658
6,42,0.3673551082611084
6,43,0.5465906858444214
6,44,0.56111741065979
6,45,0.49656376242637634
6,46,0.5679669976234436
6,47,0.6181212663650513
6,48,0.5103877782821655
6,49,0.48662644624710083
6,50,0.573324978351593
6,51,0.4939393997192383
6,52,0.701524019241333
6,53,0.6742515563964844
6,54,0.519208550453186
6,55,0.6294905543327332
6,56,0.43853408098220825
6,57,0.5339087843894958
6,58,0.6133118867874146
6,59,0.42793717980384827
6,60,0.3977871537208557
6,61,0.5657308101654053
6,62,0.653396487236023
6,63,0.5249767303466797
6,64,0.4671921730041504
6,65,0.29895925521850586
6,66,0.573325514793396
6,67,0.5157186388969421
6,68,0.5286024808883667
6,69,0.5187559127807617
6,70,0.3848353326320648
6,71,0.4319232106208801
6,72,0.554908275604248
6,73,0.554908275604248
6,74,0.554908275604248
6,75,0.535210132598877
6,76,0.33126187324523926
6,77,0.5441287755966187
6,78,0.46908992528915405
6,79,0.6712813377380371
6,80,0.4428281784057617
6,81,0.4795668125152588
6,82,0.524956464767456
6,83,0.5403754711151123
6,84,0.5819202661514282
6,85,0.5639620423316956
6,86,0.6700576543807983
6,87,0.4892576336860657
6,88,0.6283619403839111
6,89,0.6485419273376465
6,90,0.6137665510177612
6,91,0.4214857220649719
6,92,0.5698790550231934
6,93,0.5128270983695984
6,94,0.49953803420066833
6,95,0.4215281009674072
6,96,0.5166040658950806
6,97,0.12367308139801025
6,98,0.11446972191333771
7,0,0.5621021389961243
7,1,0.8345036506652832
7,2,0.6118438839912415
7,3,0.3620373010635376
7,4,0.8066627383232117
7,5,0.1817316710948944
7,6,0.4276401400566101
7,7,1.000000238418579
7,8,0.9691623449325562
7,9,0.2981882691383362
7,10,0.009706245735287666
7,11,0.10478624701499939
7,12,0.2208487093448639
7,13,0.2267848253250122
7,14,0.17320676147937775
7,15,0.2255171239376068
7,16,0.4040181040763855
7,17,0.20064754784107208
7,18,0.2671549916267395
7,19,0.1951879858970642
7,20,0.21710611879825592
7,21,0.32027262449264526
7,22,0.2693261504173279
7,23,0.21710611879825592
7,24,0.5899617671966553
7,25,0.3591839671134949
7,26,0.3895488381385803
7,27,0.2863078713417053
7,28,0.43120282888412476
7,29,0.271836519241333
7,30,0.28288793563842773
7,31,0.19890378415584564
7,32,0.22770297527313232
7,33,0.3162877559661865
7,34,0.25062936544418335
7,35,0.3140941858291626
7,36,0.43254342675209045
7,37,0.19367727637290955
7,38,0.4434640407562256
7,39,0.2614951431751251
7,40,0.4663183391094208
7,41,0.5780423879623413
7,42,0.5051504969596863
7,43,0.5767163038253784
7,44,0.47856929898262024
7,45,0.43202561140060425
7,46,0.5355962514877319
7,47,0.3322632312774658
7,48,0.3178814649581909
7,49,0.14681968092918396
7,50,0.4780482053756714
7,51,0.2335672527551651
7,52,0.36349835991859436
7,53,0.46313315629959106
7,54,0.2634415030479431
7,55,0.32924842834472656
7,56,0.16076895594596863
7,57,0.2693255841732025
7,58,0.34918004274368286
7,59,0.1048738956451416
7,60,0.1831713318824768
7,61,0.5001394748687744
7,62,0.3347235918045044
7,63,0.2605181932449341
7,64,0.37189313769340515
7,65,0.40095335245132446
7,66,0.4202941060066223
7,67,0.308048278093338
7,68,0.36910587549209595
7,69,0.2904687225818634
7,70,0.7757879495620728
7,71,0.37817615270614624
7,72,0.6269229650497437
7,73,0.6269229650497437
7,74,0.6269229650497437
7,75,0.6648364663124084
7,76,0.46840471029281616
7,77,0.6125566959381104
7,78,0.4735538065433502
7,79,0.5147244930267334
7,80,0.7747191190719604
7,81,0.587324857711792
7,82,0.5043030381202698
7,83,0.5883469581604004
7,84,0.5176799893379211
7,85,0.2681357264518738
7,86,0.3795310854911804
7,87,0.7040612697601318
7,88,0.29014086723327637
7,89,0.40842530131340027
7,90,0.2944284975528717
7,91,0.5169328451156616
7,92,0.20702749490737915
7,93,0.28300365805625916
7,94,0.6282171010971069
7,95,0.5271753668785095
7,96,0.5676268339157104
7,97,0.011319752782583237
7,98,0.07795655727386475
8,0,0.5816160440444946
8,1,0.8280324935913086
8,2,0.5876731276512146
8,3,0.35219526290893555
8,4,0.802243709564209
8,5,0.16567975282669067
8,6,0.46804893016815186
8,7,0.9691623449325562
8,8,0.9999998807907104
8,9,0.26686808466911316
8,10,0.00538717582821846
8,11,0.10286619514226913
8,12,0.21390585601329803
8,13,0.2192225456237793
8,14,0.16607660055160522
8,15,0.2245492935180664
8,16,0.3800329566001892
8,17,0.17782270908355713
8,18,0.24570512771606445
8,19,0.17401224374771118
8,20,0.1985301375389099
8,21,0.3359941840171814
8,22,0.25544002652168274
8,23,0.1985301375389099
8,24,0.5915652513504028
8,25,0.3455103635787964
8,26,0.37986233830451965
8,27,0.2581014037132263
8,28,0.3996563255786896
8,29,0.31406375765800476
8,30,0.24977442622184753
8,31,0.16294150054454803
8,32,0.2022818773984909
8,33,0.30097419023513794
8,34,0.23861731588840485
8,35,0.3566513955593109
8,36,0.39039331674575806
8,37,0.15832683444023132
8,38,0.4129503071308136
8,39,0.2737771272659302
8,40,0.46378225088119507
8,41,0.5803652405738831
8,42,0.44632023572921753
8,43,0.5328011512756348
8,44,0.47740092873573303
8,45,0.3843241333961487
8,46,0.5340490341186523
8,47,0.30751505494117737
8,48,0.29161596298217773
8,49,0.14421923458576202
8,50,0.47339075803756714
8,51,0.21122270822525024
8,52,0.39319247007369995
8,53,0.48468536138534546
8,54,0.2428981512784958
8,55,0.32283589243888855
8,56,0.15053941309452057
8,57,0.24680551886558533
8,58,0.3558458983898163
8,59,0.04883618652820587
8,60,0.1207156702876091
8,61,0.4922281801700592
8,62,0.33352014422416687
8,63,0.21492131054401398
8,64,0.3353733718395233
8,65,0.34133055806159973
8,66,0.4129709005355835
8,67,0.28386640548706055
8,68,0.34481072425842285
8,69,0.2517748773097992
8,70,0.7265341877937317
8,71,0.33170008659362793
8,72,0.6083726286888123
8,73,0.6083726286888123
8,74,0.6083726286888123
8,75,0.6401122808456421
8,76,0.43847227096557617
8,77,0.5979251861572266
8,78,0.4542955756187439
8,79,0.5492116212844849
8,80,0.754824161529541
8,81,0.5527385473251343
8,82,0.49154406785964966
8,83,0.5849519968032837
8,84,0.5148852467536926
8,85,0.2581142783164978
8,86,0.37241315841674805
8,87,0.6846558451652527
8,88,0.2693685293197632
8,89,0.4168061912059784
8,90,0.2685374617576599
8,91,0.49081116914749146
8,92,0.19213326275348663
8,93,0.2660948932170868
8,94,0.6171048283576965
8,95,0.5186427235603333
8,96,0.5517842173576355
8,97,0.028594043105840683
8,98,0.07424010336399078
9,0,0.3992418050765991
9,1,0.3240439295768738
9,2,0.29709097743034363
9,3,0.5011070370674133
9,4,0.30573663115501404
9,5,0.5236947536468506
9,6,0.40986502170562744
9,7,0.2981882691383362
9,8,0.26686808466911316
9,9,1.000000238418579
9,10,0.4333881139755249
9,11,0.5260561108589172
9,12,0.48556581139564514
9,13,0.6143736839294434
9,14,0.5421720743179321
9,15,0.521652340888977
9,16,0.5877978801727295
9,17,0.4236961305141449
9,18,0.6965709328651428
9,19,0.5876433849334717
9,20,0.6754051446914673
9,21,0.580121636390686
9,22,0.6437697410583496
9,23,0.6754051446914673
9,24,0.436872661113739
9,25,0.5515733361244202
9,26,0.4052527844905853
9,27,0.5464653968811035
9,28,0.5412969589233398
9,29,0.48917335271835327
9,30,0.585782527923584
9,31,0.18773643672466278
9,32,0.4311015009880066
9,33,0.3454905152320862
9,34,0.38530871272087097
9,35,0.38439294695854187
9,36,0.4040871262550354
9,37,0.29341304302215576
9,38,0.4119277596473694
9,39,0.42296552658081055
9,40,0.35381174087524414
9,41,0.5507137775421143
9,42,0.4404242932796478
9,43,0.48742198944091797
9,44,0.37082403898239136
9,45,0.3952330946922302
9,46,0.5971262454986572
9,47,0.6380655169487
9,48,0.6118959784507751
9,49,0.6188081502914429
9,50,0.6298732161521912
9,51,0.44300439953804016
9,52,0.5160642862319946
9,53,0.5139757990837097
9,54,0.537788987159729
9,55,0.586267352104187
9,56,0.5866394639015198
9,57,0.5652608275413513
9,58,0.6352114677429199
9,59,0.5391124486923218
9,60,0.4647185802459717
9,61,0.5830813646316528
9,62,0.5828253030776978
9,63,0.6822862029075623
9,64,0.43154478073120117
9,65,0.47216057777404785
9,66,0.4615226686000824
9,67,0.5609548091888428
9,68,0.6194537878036499
9,69,0.5763868093490601
9,70,0.36859479546546936
9,71,0.5027899742126465
9,72,0.4254628121852875
9,73,0.4254628121852875
9,74,0.4254628121852875
9,75,0.513468325138092
9,76,0.3672930598258972
9,77,0.43158185482025146
9,78,0.6440779566764832
9,79,0.520365297794342
9,80,0.35037630796432495
9,81,0.5402582883834839
9,82,0.43329310417175293
9,83,0.49346354603767395
9,84,0.3099600076675415
9,85,0.4876154661178589
9,86,0.5823912620544434
9,87,0.43541499972343445
9,88,0.45609933137893677
9,89,0.3767746090888977
9,90,0.45217880606651306
9,91,0.4776592254638672
9,92,0.6016537547111511
9,93,0.3738023042678833
9,94,0.5180088877677917
9,95,0.3914681375026703
9,96,0.49386584758758545
9,97,-0.009614739567041397
9,98,0.22166401147842407
10,0,0.2915099561214447
10,1,0.1832166612148285
10,2,0.0846233069896698
10,3,0.32946133613586426
10,4,0.20194989442825317
10,5,0.32780250906944275
10,6,0.3534013032913208
10,7,0.009706245735287666
10,8,0.00538717582821846
10,9,0.4333881139755249
10,10,0.9999998211860657
10,11,0.6300575733184814
10,12,0.44982773065567017
10,13,0.41661733388900757
10,14,0.47624829411506653
10,15,0.36924296617507935
10,16,0.1942349076271057
10,17,0.5734214782714844
10,18,0.3226586878299713
10,19,0.23035824298858643
10,20,0.32341164350509644
10,21,0.3126756250858307
10,22,0.35905370116233826
10,23,0.32341164350509644
10,24,0.2499939501285553
10,25,0.4554404020309448
10,26,0.34926798939704895
10,27,0.33312729001045227
10,28,0.4139709770679474
10,29,0.41050684452056885
10,30,0.42062413692474365
10,31,0.31949353218078613
10,32,0.4230782091617584
10,33,0.5036145448684692
10,34,0.3895973265171051
10,35,0.2728062570095062
10,36,0.2372490018606186
10,37,0.5068551301956177
10,38,0.20760032534599304
10,39,0.49902039766311646
10,40,0.2146887183189392
10,41,0.3319198191165924
10,42,0.21189214289188385
10,43,0.20465347170829773
10,44,0.296771377325058
10,45,0.24395450949668884
10,46,0.39932936429977417
10,47,0.44381183385849
10,48,0.4089210033416748
10,49,0.3866351246833801
10,50,0.3182251751422882
10,51,0.41924411058425903
10,52,0.4054149091243744
10,53,0.3557420074939728
10,54,0.3844589591026306
10,55,0.41166746616363525
10,56,0.4068012237548828
10,57,0.3192676603794098
10,58,0.3982926607131958
10,59,0.49675318598747253
10,60,0.3701061010360718
10,61,0.2649175226688385
10,62,0.3444768190383911
10,63,0.4536210000514984
10,64,0.41510266065597534
10,65,0.25515419244766235
10,66,0.21491803228855133
10,67,0.3693450093269348
10,68,0.32653945684432983
10,69,0.38825127482414246
10,70,0.08294140547513962
10,71,0.24510054290294647
10,72,0.18465998768806458
10,73,0.18465998768806458
10,74,0.18465998768806458
10,75,0.24409277737140656
10,76,0.10389477014541626
10,77,0.19830594956874847
10,78,0.19368889927864075
10,79,0.30629345774650574
10,80,0.07338495552539825
10,81,0.20067544281482697
10,82,0.2562953531742096
10,83,0.21970319747924805
10,84,0.29093706607818604
10,85,0.35133734345436096
10,86,0.342378705739975
10,87,0.19254812598228455
10,88,0.4475971758365631
10,89,0.3630636930465698
10,90,0.44892483949661255
10,91,0.2897867262363434
10,92,0.582373857498169
10,93,0.33057329058647156
10,94,0.25052323937416077
10,95,0.29628637433052063
10,96,0.21080262959003448
10,97,0.04732158035039902
10,98,0.17270299792289734
11,0,0.3308177888393402
11,1,0.32508015632629395
11,2,0.11514344811439514
11,3,0.42578864097595215
11,4,0.32411083579063416
11,5,0.41752058267593384
11,6,0.5297428965568542
11,7,0.10478624701499939
11,8,0.10286619514226913
11,9,0.5260561108589172
11,10,0.6300575733184814
11,11,0.9999999403953552
11,12,0.6629646420478821
11,13,0.624840497970581
11,14,0.582900881767273
11,15,0.4492796063423157
11,16,0.39880162477493286
11,17,0.7028170228004456
11,18,0.4288472533226013
11,19,0.3439459502696991
11,20,0.41787949204444885
11,21,0.5309270024299622
11,22,0.5086843371391296
11,23,0.41787949204444885
11,24,0.3615289628505707
11,25,0.557801365852356
11,26,0.6090627908706665
11,27,0.5852397680282593
11,28,0.6277881860733032
11,29,0.5658602714538574
11,30,0.5681073069572449
11,31,-0.0021943068131804466
11,32,0.50045245885849
11,33,0.5303295254707336
11,34,0.5009510517120361
11,35,0.44293439388275146
11,36,0.24512767791748047
11,37,0.5555753707885742
11,38,0.26664724946022034
11,39,0.4685748219490051
11,40,0.3082624077796936
11,41,0.33379384875297546
11,42,0.22734901309013367
11,43,0.3098970651626587
11,44,0.4108167886734009
11,45,0.45544517040252686
11,46,0.5188270211219788
11,47,0.5962324738502502
11,48,0.5505134463310242
11,49,0.6069064140319824
11,50,0.4816166162490845
11,51,0.625813901424408
11,52,0.5895485281944275
11,53,0.495409220457077
11,54,0.5929012298583984
11,55,0.599265456199646
11,56,0.48582059144973755
11,57,0.6209831833839417
11,58,0.5896576046943665
11,59,0.6193392872810364
11,60,0.3385043740272522
11,61,0.35697656869888306
11,62,0.4811825752258301
11,63,0.5027927756309509
11,64,0.3173454701900482
11,65,0.22269169986248016
11,66,0.38788437843322754
11,67,0.4462120532989502
11,68,0.40857556462287903
11,69,0.5287933349609375
11,70,0.10168418288230896
11,71,0.32850128412246704
11,72,0.29629725217819214
11,73,0.29629725217819214
11,74,0.29629725217819214
11,75,0.3187287449836731
11,76,0.1293904185295105
11,77,0.27288544178009033
11,78,0.43291085958480835
11,79,0.47943103313446045
11,80,0.16863849759101868
11,81,0.2680267095565796
11,82,0.32506147027015686
11,83,0.3694304823875427
11,84,0.3089037835597992
11,85,0.5547392964363098
11,86,0.5295649766921997
11,87,0.22270327806472778
11,88,0.6843014359474182
11,89,0.6151148676872253
11,90,0.6867861747741699
11,91,0.2806418538093567
11,92,0.6780090928077698
11,93,0.4103870391845703
11,94,0.26462042331695557
11,95,0.20786036550998688
11,96,0.25921520590782166
11,97,0.033044151961803436
11,98,0.09036274999380112
12,0,0.34784606099128723
12,1,0.3396124839782715
12,2,0.21065734326839447
12,3,0.4940289855003357
12,4,0.3251407742500305
12,5,0.4081557095050812
12,6,0.5582045316696167
12,7,0.2208487093448639
12,8,0.21390585601329803
12,9,0.48556581139564514
12,10,0.44982773065567017
12,11,0.6629646420478821
12,12,0.9999998211860657
12,13,0.6276137828826904
12,14,0.5599343776702881
12,15,0.550835132598877
12,16,0.44768041372299194
12,17,0.5059584379196167
12,18,0.3699237108230591
12,19,0.21796102821826935
12,20,0.3522997200489044
12,21,0.520690381526947
12,22,0.5380248427391052
12,23,0.3522997200489044
12,24,0.4284622073173523
12,25,0.5900357961654663
12,26,0.4465312361717224
12,27,0.519389808177948
12,28,0.6417888402938843
12,29,0.4225793480873108
12,30,0.5690600872039795
12,31,0.021511605009436607
12,32,0.41371071338653564
12,33,0.43353262543678284
12,34,0.64024418592453
12,35,0.2531411051750183
12,36,0.28840410709381104
12,37,0.39063334465026855
12,38,0.23907271027565002
12,39,0.2989492416381836
12,40,0.27174341678619385
12,41,0.3511582016944885
12,42,0.25204959511756897
12,43,0.2898109257221222
12,44,0.30001938343048096
12,45,0.3449740707874298
12,46,0.541122555732727
12,47,0.574203610420227
12,48,0.4149138331413269
12,49,0.543471097946167
12,50,0.4189302921295166
12,51,0.5792385339736938
12,52,0.6515158414840698
12,53,0.4780591130256653
12,54,0.5399496555328369
12,55,0.5062936544418335
12,56,0.5211291313171387
12,57,0.5951492786407471
12,58,0.5364760160446167
12,59,0.48485779762268066
12,60,0.39438992738723755
12,61,0.4568611979484558
12,62,0.580323338508606
12,63,0.6405462622642517
12,64,0.23667407035827637
12,65,0.19666767120361328
12,66,0.5327807068824768
12,67,0.5934258699417114
12,68,0.37269327044487
12,69,0.5484298467636108
12,70,0.1971948742866516
12,71,0.28906041383743286
12,72,0.3800656497478485
12,73,0.3800656497478485
12,74,0.3800656497478485
12,75,0.4472232460975647
12,76,0.3945280909538269
12,77,0.3352164626121521
12,78,0.4830129146575928
12,79,0.5099782347679138
12,80,0.3341893255710602
12,81,0.31247609853744507
12,82,0.41998863220214844
12,83,0.36637642979621887
12,84,0.3656192421913147
12,85,0.5726609230041504
12,86,0.6047678589820862
12,87,0.2939924895763397
12,88,0.5067030787467957
12,89,0.4079108238220215
12,90,0.494084894657135
12,91,0.33380770683288574
12,92,0.6385356187820435
12,93,0.38606274127960205
12,94,0.31309303641319275
12,95,0.1772477924823761
12,96,0.3161189556121826
12,97,0.026910535991191864
12,98,0.14430567622184753
13,0,0.36963048577308655
13,1,0.3157925307750702
13,2,0.30510202050209045
13,3,0.5432031750679016
13,4,0.2931872606277466
13,5,0.5465718507766724
13,6,0.4943581223487854
13,7,0.2267848253250122
13,8,0.2192225456237793
13,9,0.6143736839294434
13,10,0.41661733388900757
13,11,0.624840497970581
13,12,0.6276137828826904
13,13,1.000000238418579
13,14,0.4614531993865967
13,15,0.4032542109489441
13,16,0.4908297061920166
13,17,0.44940710067749023
13,18,0.4906628429889679
13,19,0.38514137268066406
13,20,0.47276657819747925
13,21,0.4045364260673523
13,22,0.48566120862960815
13,23,0.47276657819747925
13,24,0.3724491596221924
13,25,0.38710105419158936
13,26,0.3384920656681061
13,27,0.43906885385513306
13,28,0.47044962644577026
13,29,0.4252443313598633
13,30,0.49835363030433655
13,31,0.11080187559127808
13,32,0.3462623953819275
13,33,0.44124168157577515
13,34,0.411376416683197
13,35,0.3353744149208069
13,36,0.2296551764011383
13,37,0.390082985162735
13,38,0.32557904720306396
13,39,0.3133530914783478
13,40,0.26669901609420776
13,41,0.3830224871635437
13,42,0.2768416404724121
13,43,0.3260200023651123
13,44,0.30957716703414917
13,45,0.30898842215538025
13,46,0.5078648328781128
13,47,0.49189311265945435
13,48,0.4655134677886963
13,49,0.49063611030578613
13,50,0.474208265542984
13,51,0.453884482383728
13,52,0.4657347500324249
13,53,0.40944504737854004
13,54,0.511763334274292
13,55,0.4595928490161896
13,56,0.5278337001800537
13,57,0.5812557935714722
13,58,0.47773122787475586
13,59,0.4858802855014801
13,60,0.4215720295906067
13,61,0.4460911154747009
13,62,0.4876537322998047
13,63,0.5752509832382202
13,64,0.37077921628952026
13,65,0.3194921612739563
13,66,0.41548097133636475
13,67,0.5075151920318604
13,68,0.47345948219299316
13,69,0.423484742641449
13,70,0.1890833079814911
13,71,0.3937763571739197
13,72,0.3298121392726898
13,73,0.3298121392726898
13,74,0.3298121392726898
13,75,0.3687603175640106
13,76,0.23695838451385498
13,77,0.3383636474609375
13,78,0.4243685305118561
13,79,0.4283248484134674
13,80,0.22892406582832336
13,81,0.37365758419036865
13,82,0.3212982416152954
13,83,0.35970908403396606
13,84,0.2694229483604431
13,85,0.3917306959629059
13,86,0.49708208441734314
13,87,0.27031975984573364
13,88,0.4481354355812073
13,89,0.4092961847782135
13,90,0.44271600246429443
13,91,0.3608298897743225
13,92,0.5169739723205566
13,93,0.3539581298828125
13,94,0.3362388610839844
13,95,0.2535744905471802
13,96,0.33642062544822693
13,97,0.16136351227760315
13,98,0.3014596104621887
14,0,0.27272090315818787
14,1,0.28490546345710754
14,2,0.28609681129455566
14,3,0.4324839115142822
14,4,0.2820873558521271
14,5,0.3755594491958618
14,6,0.47738105058670044
14,7,0.17320676147937775
14,8,0.16607660055160522
14,9,0.5421720743179321
14,10,0.47624829411506653
14,11,0.582900881767273
14,12,0.5599343776702881
14,13,0.4614531993865967
14,14,1.0
14,15,0.5383445620536804
14,16,0.47194135189056396
14,17,0.5922725200653076
14,18,0.5056568384170532
14,19,0.4677644371986389
14,20,0.45393091440200806
14,21,0.4648105204105377
14,22,0.6000309586524963
14,23,0.45393091440200806
14,24,0.39506545662879944
14,25,0.5213255882263184
14,26,0.45369547605514526
14,27,0.5067920088768005
14,28,0.5584178566932678
14,29,0.467475563287735
14,30,0.5040141940116882
14,31,0.18316705524921417
14,32,0.4465561509132385
14,33,0.39209410548210144
14,34,0.4635133743286133
14,35,0.40468132495880127
14,36,0.3379366397857666
14,37,0.43913400173187256
14,38,0.23321956396102905
14,39,0.365710973739624
14,40,0.24950723350048065
14,41,0.3175051808357239
14,42,0.2605268657207489
14,43,0.2789953052997589
14,44,0.2969306707382202
14,45,0.3591185212135315
14,46,0.495060533285141
14,47,0.5939784049987793
14,48,0.5771982073783875
14,49,0.5056546330451965
14,50,0.518754243850708
14,51,0.588458776473999
14,52,0.553773820400238
14,53,0.4674686789512634
14,54,0.5925943851470947
14,55,0.5812510251998901
14,56,0.5438766479492188
14,57,0.6110591292381287
14,58,0.4688572883605957
14,59,0.6009598970413208
14,60,0.4715931713581085
14,61,0.4072708189487457
14,62,0.502833366394043
14,63,0.48181068897247314
14,64,0.2586991488933563
14,65,0.2628236413002014
14,66,0.4613149166107178
14,67,0.47782060503959656
14,68,0.4174208641052246
14,69,0.43244677782058716
14,70,0.2670259475708008
14,71,0.31317853927612305
14,72,0.38397347927093506
14,73,0.38397347927093506
14,74,0.38397347927093506
14,75,0.40267664194107056
14,76,0.24500271677970886
14,77,0.4079124331474304
14,78,0.4852480888366699
14,79,0.4417610168457031
14,80,0.29845893383026123
14,81,0.3793952465057373
14,82,0.4160340428352356
14,83,0.43943682312965393
14,84,0.33295899629592896
14,85,0.4526662528514862
14,86,0.5639702081680298
14,87,0.33876654505729675
14,88,0.5380672812461853
14,89,0.4241229295730591
14,90,0.49815917015075684
14,91,0.2627753019332886
14,92,0.6890853643417358
14,93,0.46956866979599
14,94,0.3782997131347656
14,95,0.377197802066803
14,96,0.39923685789108276
14,97,0.0959072858095169
14,98,0.19753706455230713
15,0,0.29795342683792114
15,1,0.3533910810947418
15,2,0.30259108543395996
15,3,0.46452510356903076
15,4,0.3468056917190552
15,5,0.36718904972076416
15,6,0.44359034299850464
15,7,0.2255171239376068
15,8,0.2245492935180664
15,9,0.521652340888977
15,10,0.36924296617507935
15,11,0.4492796063423157
15,12,0.550835132598877
15,13,0.4032542109489441
15,14,0.5383445620536804
15,15,0.9999998211860657
15,16,0.5515453815460205
15,17,0.45391568541526794
15,18,0.4546295404434204
15,19,0.33125460147857666
15,20,0.44505131244659424
15,21,0.4668843746185303
15,22,0.6132363080978394
15,23,0.44505131244659424
15,24,0.5087662935256958
15,25,0.5212705135345459
15,26,0.3424999713897705
15,27,0.4347035884857178
15,28,0.5339176654815674
15,29,0.45856982469558716
15,30,0.5907489657402039
15,31,0.1864577978849411
15,32,0.49046266078948975
15,33,0.4663583040237427
15,34,0.481097012758255
15,35,0.43616849184036255
15,36,0.3446315824985504
15,37,0.40676501393318176
15,38,0.40900805592536926
15,39,0.3421247601509094
15,40,0.41758614778518677
15,41,0.5065835118293762
15,42,0.3456406891345978
15,43,0.3690353035926819
15,44,0.3604434132575989
15,45,0.45629990100860596
15,46,0.6103634238243103
15,47,0.6036423444747925
15,48,0.5287594199180603
15,49,0.48145240545272827
15,50,0.44873514771461487
15,51,0.4624839127063751
15,52,0.5824687480926514
15,53,0.5088103413581848
15,54,0.5422058701515198
15,55,0.5302181243896484
15,56,0.6067671179771423
15,57,0.5084242820739746
15,58,0.5604586005210876
15,59,0.49936556816101074
15,60,0.47241660952568054
15,61,0.43784046173095703
15,62,0.6616761684417725
15,63,0.5182904005050659
15,64,0.3309250473976135
15,65,0.3255496323108673
15,66,0.40458911657333374
15,67,0.4679257869720459
15,68,0.5427267551422119
15,69,0.3943396210670471
15,70,0.34889423847198486
15,71,0.40650105476379395
15,72,0.5211085081100464
15,73,0.5211085081100464
15,74,0.5211085081100464
15,75,0.5698230266571045
15,76,0.5262684226036072
15,77,0.5329001545906067
15,78,0.5934885144233704
15,79,0.5016281008720398
15,80,0.43880924582481384
15,81,0.45462101697921753
15,82,0.536469042301178
15,83,0.5206130743026733
15,84,0.3564054071903229
15,85,0.5231835842132568
15,86,0.6002822518348694
15,87,0.4051428437232971
15,88,0.4201281666755676
15,89,0.39096105098724365
15,90,0.4584420323371887
15,91,0.3846999704837799
15,92,0.599672794342041
15,93,0.5034287571907043
15,94,0.5076924562454224
15,95,0.39132848381996155
15,96,0.44651225209236145
15,97,0.16918107867240906
15,98,0.265573114156723
16,0,0.40893837809562683
16,1,0.4807034134864807
16,2,0.43120506405830383
16,3,0.47772300243377686
16,4,0.4629896879196167
16,5,0.4136897921562195
16,6,0.47969016432762146
16,7,0.4040181040763855
16,8,0.3800329566001892
16,9,0.5877978801727295
16,10,0.1942349076271057
16,11,0.39880162477493286
16,12,0.44768041372299194
16,13,0.4908297061920166
16,14,0.47194135189056396
16,15,0.5515453815460205
16,16,0.9999999403953552
16,17,0.48534461855888367
16,18,0.7253193855285645
16,19,0.5974727869033813
16,20,0.6705248355865479
16,21,0.5700265169143677
16,22,0.7395501136779785
16,23,0.6705248355865479
16,24,0.7626981735229492
16,25,0.5041742324829102
16,26,0.4255152940750122
16,27,0.48948314785957336
16,28,0.5614898800849915
16,29,0.43282756209373474
16,30,0.5685843229293823
16,31,0.11039692908525467
16,32,0.47523969411849976
16,33,0.43471524119377136
16,34,0.4138968288898468
16,35,0.4437829256057739
16,36,0.44397664070129395
16,37,0.35030242800712585
16,38,0.32291436195373535
16,39,0.36748406291007996
16,40,0.32622992992401123
16,41,0.49846988916397095
